3 3
1 2 3
4 5 6
7 8 9
3 3
1 2 3
4 5 6
7 8 9
45 50
1065 1472 301 39 1106 469 776 1405 1019 726 1017 798 1463 323 1365 725 687 542 1461 1230 1344 991 700 635 369 800 151 1108 1267 1086 774 682 455 1462 689 300 569 167 1282 531 413 1316 754 1070 675 1173 599 1297 1310 1277 
1446 662 474 1436 386 175 294 1013 1341 136 1186 193 487 815 771 633 718 1291 470 575 372 1037 962 608 1079 1034 370 55 1048 732 473 112 1230 838 793 1079 797 415 918 150 630 748 665 957 1069 94 1456 1458 497 1054 
315 578 1309 138 757 438 1033 51 1369 397 55 646 340 247 405 858 1297 427 341 471 7 941 31 1341 1421 1132 1309 22 409 1395 423 243 819 707 1334 788 257 1497 741 977 670 842 817 1445 1341 1484 349 340 1426 807 
352 550 88 1042 168 1352 1371 760 947 793 269 1006 414 820 637 856 300 975 478 1064 565 74 1167 1026 1141 881 507 241 922 776 190 568 458 962 1130 59 882 822 264 290 1243 1450 903 64 353 918 1047 268 956 646 
1453 369 1477 258 669 995 1197 912 623 502 387 1421 31 240 1038 729 611 760 614 799 7 687 477 808 542 626 151 591 55 902 225 334 98 1490 571 1365 427 1051 1294 899 747 1239 905 737 144 698 14 500 963 1177 
825 1426 1454 675 1132 103 1038 1310 433 351 88 952 87 416 1125 261 218 1230 1057 998 343 151 667 255 827 210 1446 651 418 581 1330 110 79 1222 389 230 211 433 536 936 579 1305 1483 1035 1363 262 937 1164 1470 1227 
637 499 1155 478 1334 875 674 1270 864 20 1041 430 1064 776 1472 86 126 1091 1203 1109 1209 1236 1014 1297 985 580 775 1184 463 940 302 1008 785 876 254 363 1297 403 863 599 1077 1134 247 50 697 144 604 230 883 895 
766 59 200 898 667 959 313 845 1092 1185 1453 1176 172 534 1332 783 583 1376 796 730 1448 185 1456 735 448 1305 519 1426 494 494 1212 1035 514 953 1415 1311 1461 1169 1082 915 142 683 1430 659 529 795 105 1376 1484 425 
1173 433 1320 516 256 1286 669 204 502 1480 395 1357 898 567 968 158 696 618 1423 1206 598 876 413 1431 1332 539 1494 877 459 678 459 350 1097 1046 557 1121 1345 138 1353 1213 1169 1195 779 678 1174 248 45 1290 528 1124 
670 764 474 1441 438 1470 454 707 876 157 824 1436 861 665 16 552 1400 740 1396 1442 613 1397 134 1207 238 486 930 1339 1146 1056 117 4 223 190 932 879 142 399 1452 649 869 931 802 991 598 224 1339 481 40 70 
412 458 323 21 1155 650 1215 337 1202 252 271 510 330 400 925 1456 153 556 388 1020 133 1038 704 1194 151 164 1413 937 1495 843 100 1234 698 1500 1256 897 969 404 920 570 1154 1464 713 1327 1442 1374 238 28 40 427 
1310 54 1191 593 889 35 706 37 496 1441 881 77 590 1310 94 508 1417 666 1230 455 438 1444 254 1351 1213 1332 167 1241 135 762 784 1237 142 719 1273 1242 725 1023 1171 1255 343 988 1045 147 905 1214 684 566 331 1382 
316 460 1466 1168 1279 1212 254 660 616 1371 1467 1044 1428 452 16 324 1303 1365 86 1457 1003 701 1470 1080 1126 340 554 357 1347 594 987 1153 598 731 1095 1057 1085 1399 268 64 261 531 317 473 942 433 489 1059 1287 508 
136 1117 835 754 1397 885 958 818 463 567 1223 395 938 1288 1456 591 1103 418 440 1062 207 280 746 778 910 1422 1369 863 172 146 566 328 101 949 1394 427 587 1358 627 120 569 1270 790 586 745 421 517 866 118 1232 
628 368 1285 1348 881 513 57 1145 325 933 1087 1062 1294 428 1286 718 208 1267 529 1071 223 1430 853 1058 676 318 1068 518 1143 741 950 1427 984 655 1044 1415 713 538 166 1240 628 177 1271 1250 1315 909 1337 967 1269 112 
714 660 456 1184 642 435 859 463 640 1340 618 377 246 41 1088 213 839 982 806 12 692 1070 1059 340 55 1152 973 1125 597 606 1468 499 877 181 941 281 1099 48 984 278 1012 1243 1081 432 591 1361 1498 168 1418 105 
555 1298 392 475 1476 184 706 182 999 1464 626 989 161 1154 375 853 221 186 1127 12 869 1121 571 1096 633 685 534 538 653 1203 528 29 1020 975 1327 1244 911 740 280 378 1262 1481 1274 826 362 1205 1040 1480 1168 1443 
1136 136 1104 198 996 1166 789 229 453 639 1052 245 1148 800 879 634 1485 358 1347 105 1255 809 536 757 667 960 1333 395 1061 242 362 704 212 1473 1426 572 460 1214 758 1045 911 93 379 1029 242 157 253 663 296 515 
534 1192 1158 637 812 1317 688 1230 1483 1199 1272 494 833 1030 609 433 153 1178 1124 1079 463 1372 1411 344 789 1329 632 568 27 1180 658 1131 576 988 850 1267 707 180 250 447 714 723 1341 39 1175 852 364 976 1367 1189 
886 426 38 165 947 582 912 855 320 681 1301 400 1366 1166 728 401 486 1385 562 490 1333 107 1081 568 253 1208 1124 892 939 904 803 319 1124 157 1491 469 1440 720 1094 1207 435 1164 983 1049 909 78 269 768 100 1145 
676 389 1050 1340 1264 232 60 46 763 105 827 846 197 692 1126 582 1033 29 682 576 441 161 1326 1233 1190 667 1229 963 1049 182 1001 1475 809 710 485 628 1229 594 217 1384 923 890 116 705 630 808 149 97 585 1466 
579 962 282 626 87 1032 354 1105 83 130 1093 928 94 211 75 281 1280 1206 973 908 1140 933 331 172 419 907 123 338 1064 97 483 1187 969 826 1355 843 516 823 1082 146 560 1427 1034 1115 328 1057 346 1314 622 464 
280 1349 581 928 1133 407 584 1387 1423 1300 1037 1373 164 1477 95 483 1101 1373 632 361 412 465 1008 1125 413 1315 1135 551 1222 786 283 976 441 1300 841 615 913 701 1352 129 1413 203 526 1251 1338 1208 1265 1150 205 817 
1048 763 322 915 700 463 438 418 896 1206 221 1309 1328 1376 1138 859 107 38 1421 197 842 1256 1187 677 1495 93 243 67 221 97 1400 1053 702 217 885 564 704 343 139 1379 883 1483 627 977 971 22 138 1257 1441 1413 
1011 453 31 1110 720 667 309 644 1400 750 781 879 1405 775 1008 1228 387 961 1272 985 9 975 1423 1166 530 466 511 1107 448 1300 662 682 544 36 595 109 1118 732 963 1327 1395 1134 84 866 754 831 912 375 363 598 
440 909 1210 1256 126 600 1264 241 1337 3 572 838 856 848 120 1364 557 1206 1107 1251 1115 174 221 216 1 1052 79 1312 327 1293 1308 281 1459 1088 1131 214 690 240 1149 191 479 1100 84 250 1430 1196 339 523 454 1438 
1320 689 462 391 319 282 985 518 1279 1418 471 779 968 931 590 1066 1209 243 1038 134 1458 981 863 765 459 859 1415 890 976 381 316 759 633 1473 1200 489 440 726 275 934 871 238 1024 929 705 226 951 540 1426 430 
989 304 471 622 885 570 1 755 976 926 1256 523 1247 898 1427 651 917 1461 551 1194 1419 20 740 1321 1018 986 1112 670 1496 1487 105 623 823 1498 1059 762 783 266 1462 566 1306 338 245 781 1492 902 154 701 577 1397 
1477 690 23 1159 1040 536 370 619 32 530 835 154 800 1184 1179 734 1306 842 174 637 585 658 315 195 428 513 345 540 919 261 695 478 634 1386 1323 244 1375 906 1116 1258 778 288 1015 131 734 1215 274 401 1212 1435 
433 822 148 1144 458 444 479 977 77 324 90 1322 488 759 1062 601 8 774 996 776 4 792 1158 1269 228 1388 676 21 748 786 553 949 1438 927 650 623 340 483 1238 938 454 536 696 548 754 817 961 187 1065 251 
375 1176 290 1066 1244 549 1153 1349 381 1021 844 1470 725 1040 1430 318 962 1456 590 815 1353 287 173 1355 1467 1010 1028 28 1462 121 904 757 189 710 1289 425 672 1372 907 107 1357 883 726 1240 422 1286 1115 637 1118 279 
96 138 74 628 257 315 395 536 336 849 375 1394 613 686 406 1030 885 1178 1231 1334 303 1055 1283 175 661 224 912 898 502 1041 1218 879 974 102 1307 1346 1189 227 304 1346 1448 935 552 1480 218 277 940 784 601 43 
797 1445 1115 829 1127 326 147 1124 1023 753 1150 1056 555 517 594 1421 1213 1279 321 1206 727 392 828 326 813 1270 406 988 1015 892 123 708 77 462 335 509 235 112 1351 795 1088 878 2 707 403 166 1469 158 1412 439 
476 1303 179 1215 80 1133 1042 326 750 458 962 1438 43 257 757 335 777 1288 350 780 250 948 310 1084 1141 344 19 707 468 1446 577 672 66 477 1133 912 1429 1127 944 760 127 907 1272 307 173 1402 140 528 261 897 
777 1269 1242 1065 703 177 968 739 204 1449 1355 483 1169 969 1108 1264 1237 1129 1445 932 309 1335 991 533 1237 535 95 1254 963 1396 267 1085 610 10 1489 734 1379 947 9 272 269 353 1302 691 1255 133 271 568 44 1209 
770 1206 52 1238 411 695 213 769 1091 25 1340 917 696 544 96 1475 762 753 732 402 1140 1417 669 1016 1031 1369 223 545 337 863 702 1076 1339 71 94 1074 1061 843 443 1193 166 969 1439 345 543 747 1210 117 541 902 
879 109 567 560 430 811 1157 10 969 635 740 367 421 262 802 1278 775 468 471 770 61 634 290 1395 518 624 248 1480 739 1266 513 205 871 90 109 360 56 107 204 1421 408 1066 647 800 677 50 521 1073 406 4 
713 1482 1484 840 23 892 263 518 39 513 807 1166 962 530 561 288 244 840 365 385 1462 613 1393 1113 993 124 278 1051 508 1442 22 470 1222 1182 343 1299 229 1047 1389 1060 776 36 149 1086 1024 935 343 839 697 631 
531 1190 719 1184 1317 417 998 1257 222 828 695 242 634 655 727 963 43 1158 966 678 759 68 1484 1369 872 623 324 277 354 849 498 525 1448 764 993 226 1201 1081 447 1152 1028 119 1047 872 1243 441 504 1192 474 1371 
92 1393 1408 254 72 672 461 468 1178 676 437 284 1336 934 528 250 601 381 740 525 805 1463 778 487 1355 632 737 726 74 1272 1436 344 785 1453 477 292 900 189 946 1483 125 255 998 256 1465 751 1382 855 411 1186 
75 728 801 929 559 109 832 679 1351 826 1181 1 291 799 186 13 1446 540 447 312 972 1404 1278 876 794 538 801 1404 1024 246 207 800 1170 1274 593 200 659 315 1462 1216 218 783 1369 651 722 428 918 923 1125 873 
1018 350 1367 283 725 425 1064 979 1449 659 1472 579 24 652 332 229 584 676 928 947 904 761 956 65 1440 461 868 1268 947 962 245 304 278 1333 921 239 881 12 414 1424 823 1225 1388 986 908 1265 907 1165 969 1190 
649 163 990 770 718 1346 1347 556 812 19 277 1452 960 62 1187 559 1264 1178 1289 792 285 428 343 844 985 1301 604 1412 971 899 1068 85 160 1277 1367 872 786 512 665 59 498 909 998 459 767 176 312 223 182 974 
490 138 1132 629 192 317 727 1026 495 1275 383 742 436 690 987 558 1083 1221 542 502 920 457 458 504 728 51 555 926 720 1296 1263 396 382 1240 71 707 1087 1025 1032 447 635 1256 909 1003 42 1085 78 465 198 896 
359 757 971 161 447 133 344 266 61 1361 331 165 1445 1446 145 777 1119 59 132 1263 197 866 1110 1485 257 1326 1261 6 791 1188 92 842 278 1423 196 1322 1043 443 699 1103 933 1257 687 1471 616 946 248 566 1268 607 
50 45
959 441 1488 236 1339 169 922 884 1302 534 93 1419 943 627 1194 1231 750 350 70 964 1150 361 112 7 585 956 717 1006 179 274 15 740 1142 244 1102 1346 104 1110 573 256 1069 803 1254 49 432 
574 572 243 1290 782 93 630 1499 1483 275 522 523 394 324 204 1431 1196 1207 1498 1032 605 1344 625 712 1219 1044 1166 369 539 693 36 1163 1175 156 979 43 1234 928 347 787 332 1029 1336 1332 822 
346 362 569 369 441 220 206 1304 1151 143 307 710 122 385 689 1320 801 1430 1282 833 109 595 1095 858 942 1161 857 299 744 636 376 461 357 199 628 1320 254 1336 283 1154 289 820 1497 21 836 
981 269 1013 504 287 845 1225 1198 564 512 1317 354 816 1462 1326 1171 692 164 1198 612 969 521 1270 985 51 456 1458 554 1262 1039 1148 201 967 331 98 497 681 994 507 290 290 824 644 376 796 
681 1178 298 138 1498 1328 1409 1235 213 1067 986 399 1134 622 1145 648 1225 1301 19 510 343 1096 1280 42 46 692 869 500 667 674 767 735 1028 351 1079 1285 825 518 362 120 1306 889 1109 1362 1228 
967 74 831 998 141 480 589 910 411 1405 748 1187 424 110 1148 700 962 1145 311 810 80 445 1056 168 829 848 979 1415 1435 17 508 1302 191 838 1396 178 1430 673 1226 1191 1348 80 1046 549 320 
242 266 1376 968 102 155 115 706 60 1065 1490 1366 860 517 1176 1418 883 1500 550 695 678 695 367 1334 1498 80 564 1235 766 879 961 92 1373 1283 1129 483 1142 584 572 384 1496 281 1340 43 977 
373 892 467 190 123 186 17 1305 340 1270 613 1397 1285 1269 523 115 1336 814 118 477 455 1059 1064 386 1351 668 1208 361 648 326 544 83 426 71 321 484 31 388 1401 1332 1105 1154 799 89 824 
725 1257 1413 677 492 1057 696 453 1323 594 443 310 810 650 940 781 1209 56 502 1157 1134 431 811 1246 531 531 896 1442 448 932 909 1406 729 1017 1421 591 544 904 1470 1493 796 1100 765 1279 131 
38 886 1483 844 28 1280 759 73 986 36 132 403 969 161 1382 859 852 1050 1155 668 243 282 834 1310 50 796 291 517 246 937 1465 650 109 645 428 29 585 692 789 1308 1125 794 526 1346 179 
1336 1457 1002 761 808 507 665 1 938 788 541 1314 1055 984 1444 429 1486 528 1243 230 230 1132 394 394 1327 479 1236 547 670 956 298 1215 871 519 728 969 1376 1291 761 483 538 665 259 1171 1210 
368 127 1194 980 694 786 47 690 1024 1252 1270 362 1028 796 972 222 65 507 234 796 70 581 992 1437 4 194 598 643 1356 516 1338 450 1296 606 770 204 341 639 732 711 668 32 1430 448 1366 
905 753 636 604 241 1354 162 1310 751 687 1220 453 158 154 1066 1070 1453 1195 1243 1091 1287 1050 185 1147 1389 938 164 138 986 929 1050 166 1203 734 1097 141 732 29 1228 307 498 1299 66 813 1246 
1326 1317 967 429 123 226 567 1408 43 1459 1318 1271 1451 1132 603 304 212 964 307 657 698 431 573 100 928 241 316 1136 836 745 907 479 929 136 1457 1497 178 448 1234 1170 528 1480 474 766 1105 
828 285 408 554 1497 52 904 316 32 246 484 1185 1368 944 905 468 619 856 929 1319 113 904 192 534 360 112 1329 764 436 674 578 1289 919 1099 21 1224 1036 1489 1278 395 1424 408 302 1294 1480 
237 1465 413 14 1306 510 483 1366 507 840 337 648 271 1222 808 684 391 112 475 47 1388 842 1150 463 159 984 880 435 1042 627 352 1126 103 78 261 1338 1393 928 501 733 196 990 868 476 232 
657 1221 300 851 751 220 115 63 1345 889 320 250 821 213 191 555 251 21 674 253 607 1299 1050 223 974 986 851 283 1413 1315 937 136 620 1283 278 1110 1271 898 1104 72 1278 59 580 644 750 
1309 72 1085 95 24 852 1213 211 946 577 771 1020 1029 883 1272 521 806 337 512 495 342 1394 920 329 391 1171 1283 301 1342 1177 1408 1045 724 171 1000 473 705 5 320 1054 1379 132 459 339 840 
1388 1281 585 1081 1202 886 1362 168 785 849 121 601 684 394 765 1459 156 1262 726 1393 932 1138 1311 625 1104 969 586 781 1 1195 1104 1131 979 1280 682 1432 343 1302 389 161 1218 1282 140 123 243 
649 1297 1341 739 60 550 1369 1041 485 845 217 465 1415 154 1134 1219 278 15 627 1338 1319 1212 1376 908 1436 1378 1155 1164 1297 454 173 685 162 1349 384 392 895 122 351 1334 1364 441 1186 1398 948 
653 659 1095 1007 175 809 1001 306 41 479 319 1048 1147 39 389 842 91 1129 675 666 1474 772 566 1185 545 994 682 1035 170 1101 785 1015 943 863 1029 25 541 859 194 1419 1080 341 92 138 689 
796 688 1338 1023 743 986 1262 44 218 1463 331 763 753 986 674 983 1337 1070 1176 1436 924 471 271 645 1002 843 831 538 51 753 987 1484 408 1056 1059 1005 1438 975 392 1133 1002 181 1163 1368 1222 
547 872 1121 1125 865 1229 904 329 1009 1371 369 800 514 151 234 1325 555 832 962 1119 1165 554 629 1258 256 341 11 302 503 1500 771 540 1201 429 387 1090 915 344 1154 11 742 314 696 705 329 
714 987 123 1260 1486 255 166 234 655 1007 147 656 948 715 561 1496 1407 1302 1369 677 926 491 1239 874 1232 226 400 1327 1397 921 840 1093 1148 1212 927 1341 503 1091 956 835 973 1154 229 963 552 
1029 454 459 1277 84 882 538 330 1156 1062 1311 898 193 779 48 1355 1363 886 701 1267 1474 302 6 136 951 10 8 582 1434 1157 156 92 818 861 259 1455 800 993 1225 501 749 655 927 650 1149 
682 1272 149 683 343 5 1478 985 1403 737 584 924 98 670 367 917 855 554 662 992 666 1457 343 196 1445 912 867 151 605 339 798 565 585 603 968 635 274 643 218 914 1301 1373 139 760 538 
522 4 663 1025 898 144 1431 1214 525 131 1079 1390 292 367 78 1061 133 404 1079 900 1300 71 999 504 1238 579 241 137 1402 791 673 672 366 40 625 1297 592 511 693 151 865 1171 1070 716 244 
1050 1296 350 1230 1322 624 552 1018 1221 1094 559 84 1325 801 808 610 649 118 1112 56 150 1467 306 188 178 994 383 615 646 1349 1167 330 1377 1009 1413 973 1381 585 1110 814 74 1393 578 1191 1229 
648 1007 445 1308 143 232 379 881 97 313 221 713 55 589 71 1412 49 1413 1215 26 568 762 1025 625 1455 811 1251 1138 15 1019 1400 1240 1269 8 215 194 413 1460 146 23 431 332 977 787 1014 
415 1191 130 53 792 1430 164 1313 1337 1078 605 253 381 448 1114 905 869 1070 316 667 325 1268 773 672 427 903 908 61 884 98 1023 1381 1205 755 685 868 1073 26 156 1491 713 325 455 588 201 
1156 515 989 956 1263 296 1080 464 750 803 1114 579 1223 870 1000 402 820 578 1375 962 911 545 338 987 1273 923 744 1103 775 1406 197 1326 1293 123 1062 252 888 1157 859 309 135 905 318 652 1108 
299 1287 393 1210 663 369 1160 582 845 868 1198 37 217 1181 1293 452 61 385 1150 70 499 1172 208 418 416 37 648 1251 967 1490 478 135 335 802 253 1226 30 412 1202 1265 1091 244 1074 224 609 
1336 4 1218 1009 930 1004 237 1202 691 1324 436 146 668 1308 1350 447 251 585 155 1388 565 1226 1430 335 620 846 1130 421 1365 1000 121 502 683 230 1283 915 369 170 698 1037 1348 1277 991 1410 116 
1284 525 1440 95 671 1271 765 774 499 181 619 768 374 459 514 1305 705 765 1019 187 780 1452 216 877 1350 913 108 904 450 335 1194 1361 56 920 535 1040 968 1132 332 1394 535 784 628 606 474 
554 1383 362 869 560 700 81 1412 1045 726 246 277 513 95 410 912 1160 996 983 1069 110 464 166 1471 1032 697 674 999 412 1208 200 125 367 355 628 1051 133 409 1047 212 729 729 120 1222 811 
288 194 721 579 479 397 256 94 361 749 566 693 1034 1266 93 7 517 782 109 977 398 1303 801 1475 153 501 1050 217 151 576 544 734 809 1332 389 749 1188 510 1371 1201 140 637 200 175 477 
1318 68 697 373 1373 152 72 243 32 512 251 799 1250 535 416 444 857 608 1017 174 1295 431 1150 664 452 1067 1144 1152 644 1335 1247 1002 606 683 1363 1314 22 206 1485 352 750 172 11 957 868 
449 277 846 1070 904 1463 648 444 26 1037 902 97 637 591 37 799 1494 447 764 1443 690 887 468 915 244 1464 197 381 262 1124 752 68 1130 224 1230 979 1407 1244 1409 689 1227 74 153 987 571 
503 519 271 576 406 670 236 1126 813 1038 376 1123 1384 1383 1376 607 379 1141 1275 19 666 1493 854 174 1224 338 832 202 1151 502 1456 981 1073 1149 788 1101 111 320 286 952 685 1408 1139 507 1320 
959 543 1318 267 936 440 994 634 1373 176 169 1111 102 539 675 267 1155 849 1132 1065 1149 1316 1204 717 1193 863 1347 1180 281 884 324 1003 1332 136 56 1252 1006 322 970 585 658 813 1496 353 1134 
393 1291 119 815 1464 765 573 492 635 201 1433 603 38 350 1205 1417 604 989 110 179 664 516 1312 1015 1147 1419 175 1285 833 21 61 1098 864 887 184 743 758 644 1493 34 101 188 846 1105 1346 
279 1154 1021 655 721 523 718 1384 874 866 1471 1439 961 553 70 310 49 1282 650 185 335 1484 823 1362 1244 571 1189 51 126 331 982 509 517 151 1268 424 1199 899 369 719 919 78 301 904 1238 
1358 955 814 960 1078 920 1429 34 146 1457 633 337 143 103 460 202 1095 1337 715 1145 1051 362 1116 969 708 18 1119 773 510 771 73 411 368 144 205 1282 742 568 268 1063 868 269 713 739 520 
626 640 1285 1066 988 438 1336 1216 931 985 1429 637 1111 409 673 259 28 1464 389 679 105 1106 527 1489 632 189 1487 478 896 1365 863 1164 541 1079 335 111 722 883 1201 718 289 812 433 1468 1016 
609 495 692 1275 755 1054 19 827 208 967 433 364 1041 69 1121 862 1195 37 1107 1057 1427 1277 328 1082 8 1053 253 1065 1376 394 291 1440 376 1030 1187 398 825 1318 1285 797 1096 461 812 1090 128 
1233 509 712 405 269 328 116 235 51 362 1472 1012 860 1107 1082 497 1009 903 66 1064 1201 444 65 773 1384 702 1305 1441 490 705 1417 857 754 286 149 798 300 691 273 1290 498 612 769 940 655 
1332 782 1183 1287 1169 1016 152 372 230 1085 280 342 570 1050 52 236 1133 628 1362 1342 147 1443 707 333 11 37 1494 725 1237 1423 524 964 632 662 598 1173 1433 554 233 781 55 828 618 454 1107 
1223 951 698 815 868 262 506 1116 181 53 1349 1465 1481 260 891 340 685 185 303 887 654 437 68 238 992 1079 131 268 227 138 571 1064 1366 1328 265 1449 601 234 221 931 1075 199 560 1253 1103 
963 522 1124 1279 1421 882 288 514 690 420 787 278 849 845 429 1400 1188 830 882 21 1173 831 1168 1469 709 841 247 842 467 1134 122 251 809 382 1271 813 394 530 699 1013 516 1017 920 722 1159 
1310 803 841 1275 920 1143 1111 1275 714 1413 38 1285 869 1224 130 1027 302 1028 587 829 469 53 312 898 591 906 563 616 19 384 1330 890 796 1118 93 269 1081 190 835 1291 414 29 1129 1135 389 